Linux 6.8.0-134-generic (robot) 	2026年07月24日 	_x86_64_	(16 CPU)

# Time        UID      TGID       TID    %usr %system  %guest   %wait    %CPU   CPU  minflt/s  majflt/s     VSZ     RSS   %MEM  Command
16时33分58秒  1000     35088         -   30.69    1.98    0.00    0.99   32.67     4    109.90      0.00 1068996  152996   1.99  fastlio_mapping
16时33分58秒  1000         -     35088    6.93    0.00    0.00    0.99    6.93     4     94.06      0.00 1068996  152996   1.99  |__fastlio_mapping
16时33分58秒  1000         -     35090    0.99    1.98    0.00    0.99    2.97    13      0.00      0.00 1068996  152996   1.99  |__fastlio_mapping
16时33分58秒  1000         -     35091    0.00    0.00    0.00    0.00    0.00    12      0.00      0.00 1068996  152996   1.99  |__fastlio_mapping
16时33分58秒  1000         -     35092    0.00    0.00    0.00    0.00    0.00    12      0.00      0.00 1068996  152996   1.99  |__fastlio_mapping
16时33分58秒  1000         -     35093    0.00    0.00    0.00    0.00    0.00    15      0.00      0.00 1068996  152996   1.99  |__fastlio_mapping
16时33分58秒  1000         -     35094    0.00    0.00    0.00    0.00    0.00    14      0.00      0.00 1068996  152996   1.99  |__fastlio_mapping
16时33分58秒  1000         -     35095    0.00    0.00    0.00    0.00    0.00    12      0.00      0.00 1068996  152996   1.99  |__fastlio_mapping
16时33分58秒  1000         -     35096    0.00    0.00    0.00    0.00    0.00    11      2.97      0.00 1068996  152996   1.99  |__fastlio_mapping
16时33分58秒  1000         -     35097    0.00    0.00    0.00    0.00    0.00     9     11.88      0.00 1068996  152996   1.99  |__fastlio_mapping
16时33分58秒  1000         -     35098    0.00    0.00    0.00    0.00    0.00    12      0.00      0.00 1068996  152996   1.99  |__fastlio_mapping
16时33分58秒  1000         -     35099    0.99    0.00    0.00    0.99    0.99    15      0.99      0.00 1068996  152996   1.99  |__fastlio_mapping
16时33分58秒  1000         -     35100    0.00    0.00    0.00    0.00    0.00    14      0.00      0.00 1068996  152996   1.99  |__fastlio_mapping
16时33分58秒  1000         -     35101    0.00    0.00    0.00    0.00    0.00     5      0.00      0.00 1068996  152996   1.99  |__fastlio_mapping
16时33分58秒  1000         -     35102    0.00    0.00    0.00    0.00    0.00    15      0.00      0.00 1068996  152996   1.99  |__fastlio_mapping
16时33分58秒  1000         -     35103    8.91    0.00    0.00    0.00    8.91     9      0.00      0.00 1068996  152996   1.99  |__fastlio_mapping
16时33分58秒  1000         -     35104   11.88    0.00    0.00    0.00   11.88     3      0.00      0.00 1068996  152996   1.99  |__fastlio_mapping

# Time        UID      TGID       TID    %usr %system  %guest   %wait    %CPU   CPU  minflt/s  majflt/s     VSZ     RSS   %MEM  Command
16时33分59秒  1000     35088         -   31.00    3.00    0.00    0.00   34.00    13    190.00      0.00 1069588  153372   2.00  fastlio_mapping
16时33分59秒  1000         -     35088    7.00    0.00    0.00    0.00    7.00    13    183.00      0.00 1069588  153372   2.00  |__fastlio_mapping
16时33分59秒  1000         -     35090    0.00    2.00    0.00    1.00    2.00     1      0.00      0.00 1069588  153372   2.00  |__fastlio_mapping
16时33分59秒  1000         -     35091    0.00    0.00    0.00    0.00    0.00    12      0.00      0.00 1069588  153372   2.00  |__fastlio_mapping
16时33分59秒  1000         -     35092    0.00    0.00    0.00    0.00    0.00    12      0.00      0.00 1069588  153372   2.00  |__fastlio_mapping
16时33分59秒  1000         -     35093    0.00    0.00    0.00    0.00    0.00    15      0.00      0.00 1069588  153372   2.00  |__fastlio_mapping
16时33分59秒  1000         -     35094    0.00    0.00    0.00    0.00    0.00    10      0.00      0.00 1069588  153372   2.00  |__fastlio_mapping
16时33分59秒  1000         -     35095    0.00    0.00    0.00    0.00    0.00    12      0.00      0.00 1069588  153372   2.00  |__fastlio_mapping
16时33分59秒  1000         -     35096    0.00    0.00    0.00    0.00    0.00    14      0.00      0.00 1069588  153372   2.00  |__fastlio_mapping
16时33分59秒  1000         -     35097    0.00    0.00    0.00    0.00    0.00    15      6.00      0.00 1069588  153372   2.00  |__fastlio_mapping
16时33分59秒  1000         -     35098    0.00    0.00    0.00    0.00    0.00    12      0.00      0.00 1069588  153372   2.00  |__fastlio_mapping
16时33分59秒  1000         -     35099    0.00    0.00    0.00    0.00    0.00    12      1.00      0.00 1069588  153372   2.00  |__fastlio_mapping
16时33分59秒  1000         -     35100    0.00    0.00    0.00    0.00    0.00    12      0.00      0.00 1069588  153372   2.00  |__fastlio_mapping
16时33分59秒  1000         -     35101    0.00    0.00    0.00    0.00    0.00     5      0.00      0.00 1069588  153372   2.00  |__fastlio_mapping
16时33分59秒  1000         -     35102    1.00    1.00    0.00    0.00    2.00    15      0.00      0.00 1069588  153372   2.00  |__fastlio_mapping
16时33分59秒  1000         -     35103    9.00    0.00    0.00    0.00    9.00     4      0.00      0.00 1069588  153372   2.00  |__fastlio_mapping
16时33分59秒  1000         -     35104   13.00    0.00    0.00    0.00   13.00     3      0.00      0.00 1069588  153372   2.00  |__fastlio_mapping

# Time        UID      TGID       TID    %usr %system  %guest   %wait    %CPU   CPU  minflt/s  majflt/s     VSZ     RSS   %MEM  Command
16时34分00秒  1000     35088         -   32.00    1.00    0.00    0.00   33.00    10    471.00      0.00 1070280  153768   2.00  fastlio_mapping
16时34分00秒  1000         -     35088    7.00    1.00    0.00    0.00    8.00    10    471.00      0.00 1070280  153768   2.00  |__fastlio_mapping
16时34分00秒  1000         -     35090    1.00    1.00    0.00    1.00    2.00    14      0.00      0.00 1070280  153768   2.00  |__fastlio_mapping
16时34分00秒  1000         -     35091    0.00    0.00    0.00    0.00    0.00    12      0.00      0.00 1070280  153768   2.00  |__fastlio_mapping
16时34分00秒  1000         -     35092    0.00    0.00    0.00    0.00    0.00    12      0.00      0.00 1070280  153768   2.00  |__fastlio_mapping
16时34分00秒  1000         -     35093    0.00    0.00    0.00    0.00    0.00    15      0.00      0.00 1070280  153768   2.00  |__fastlio_mapping
16时34分00秒  1000         -     35094    0.00    0.00    0.00    0.00    0.00     8      0.00      0.00 1070280  153768   2.00  |__fastlio_mapping
16时34分00秒  1000         -     35095    0.00    0.00    0.00    0.00    0.00    12      0.00      0.00 1070280  153768   2.00  |__fastlio_mapping
16时34分00秒  1000         -     35096    0.00    0.00    0.00    0.00    0.00    12      0.00      0.00 1070280  153768   2.00  |__fastlio_mapping
16时34分00秒  1000         -     35097    0.00    0.00    0.00    0.00    0.00    14      0.00      0.00 1070280  153768   2.00  |__fastlio_mapping
16时34分00秒  1000         -     35098    0.00    0.00    0.00    0.00    0.00    12      0.00      0.00 1070280  153768   2.00  |__fastlio_mapping
16时34分00秒  1000         -     35099    1.00    0.00    0.00    1.00    1.00    11      0.00      0.00 1070280  153768   2.00  |__fastlio_mapping
16时34分00秒  1000         -     35100    0.00    0.00    0.00    0.00    0.00    12      0.00      0.00 1070280  153768   2.00  |__fastlio_mapping
16时34分00秒  1000         -     35101    0.00    0.00    0.00    0.00    0.00    11      0.00      0.00 1070280  153768   2.00  |__fastlio_mapping
16时34分00秒  1000         -     35102    0.00    0.00    0.00    1.00    0.00    11      0.00      0.00 1070280  153768   2.00  |__fastlio_mapping
16时34分00秒  1000         -     35103    9.00    0.00    0.00    0.00    9.00     6      0.00      0.00 1070280  153768   2.00  |__fastlio_mapping
16时34分00秒  1000         -     35104   12.00    0.00    0.00    0.00   12.00     3      0.00      0.00 1070280  153768   2.00  |__fastlio_mapping

# Time        UID      TGID       TID    %usr %system  %guest   %wait    %CPU   CPU  minflt/s  majflt/s     VSZ     RSS   %MEM  Command
16时34分01秒  1000     35088         -   20.00    2.00    0.00    0.00   22.00     8    253.00      0.00 1070944  154152   2.01  fastlio_mapping
16时34分01秒  1000         -     35088    5.00    0.00    0.00    0.00    5.00     8    250.00      0.00 1070944  154152   2.01  |__fastlio_mapping
16时34分01秒  1000         -     35090    1.00    2.00    0.00    1.00    3.00     4      0.00      0.00 1070944  154152   2.01  |__fastlio_mapping
16时34分01秒  1000         -     35091    0.00    0.00    0.00    0.00    0.00    12      0.00      0.00 1070944  154152   2.01  |__fastlio_mapping
16时34分01秒  1000         -     35092    0.00    0.00    0.00    0.00    0.00    12      0.00      0.00 1070944  154152   2.01  |__fastlio_mapping
16时34分01秒  1000         -     35093    0.00    0.00    0.00    0.00    0.00    15      0.00      0.00 1070944  154152   2.01  |__fastlio_mapping
16时34分01秒  1000         -     35094    0.00    0.00    0.00    0.00    0.00     0      0.00      0.00 1070944  154152   2.01  |__fastlio_mapping
16时34分01秒  1000         -     35095    0.00    0.00    0.00    0.00    0.00    12      0.00      0.00 1070944  154152   2.01  |__fastlio_mapping
16时34分01秒  1000         -     35096    0.00    0.00    0.00    0.00    0.00    12      0.00      0.00 1070944  154152   2.01  |__fastlio_mapping
16时34分01秒  1000         -     35097    0.00    0.00    0.00    0.00    0.00     8      2.00      0.00 1070944  154152   2.01  |__fastlio_mapping
16时34分01秒  1000         -     35098    0.00    0.00    0.00    0.00    0.00    12      0.00      0.00 1070944  154152   2.01  |__fastlio_mapping
16时34分01秒  1000         -     35099    1.00    0.00    0.00    0.00    1.00    13      1.00      0.00 1070944  154152   2.01  |__fastlio_mapping
16时34分01秒  1000         -     35100    0.00    0.00    0.00    0.00    0.00    12      0.00      0.00 1070944  154152   2.01  |__fastlio_mapping
16时34分01秒  1000         -     35101    0.00    0.00    0.00    0.00    0.00     9      0.00      0.00 1070944  154152   2.01  |__fastlio_mapping
16时34分01秒  1000         -     35102    1.00    0.00    0.00    0.00    1.00     4      0.00      0.00 1070944  154152   2.01  |__fastlio_mapping
16时34分01秒  1000         -     35103    6.00    0.00    0.00    0.00    6.00     0      0.00      0.00 1070944  154152   2.01  |__fastlio_mapping
16时34分01秒  1000         -     35104    7.00    0.00    0.00    0.00    7.00     3      0.00      0.00 1070944  154152   2.01  |__fastlio_mapping

# Time        UID      TGID       TID    %usr %system  %guest   %wait    %CPU   CPU  minflt/s  majflt/s     VSZ     RSS   %MEM  Command
16时34分02秒  1000     35088         -    5.00    2.00    0.00    0.00    7.00     9    561.00      0.00 1071720  155296   2.02  fastlio_mapping
16时34分02秒  1000         -     35088    3.00    0.00    0.00    0.00    3.00     9    561.00      0.00 1071720  155296   2.02  |__fastlio_mapping
16时34分02秒  1000         -     35090    1.00    1.00    0.00    0.00    2.00    14      0.00      0.00 1071720  155296   2.02  |__fastlio_mapping
16时34分02秒  1000         -     35091    0.00    0.00    0.00    0.00    0.00    12      0.00      0.00 1071720  155296   2.02  |__fastlio_mapping
16时34分02秒  1000         -     35092    0.00    0.00    0.00    0.00    0.00    12      0.00      0.00 1071720  155296   2.02  |__fastlio_mapping
16时34分02秒  1000         -     35093    0.00    0.00    0.00    0.00    0.00    15      0.00      0.00 1071720  155296   2.02  |__fastlio_mapping
16时34分02秒  1000         -     35094    1.00    0.00    0.00    0.00    1.00    11      0.00      0.00 1071720  155296   2.02  |__fastlio_mapping
16时34分02秒  1000         -     35095    0.00    0.00    0.00    0.00    0.00    12      0.00      0.00 1071720  155296   2.02  |__fastlio_mapping
16时34分02秒  1000         -     35096    0.00    0.00    0.00    0.00    0.00    11      0.00      0.00 1071720  155296   2.02  |__fastlio_mapping
16时34分02秒  1000         -     35097    0.00    0.00    0.00    0.00    0.00    12      0.00      0.00 1071720  155296   2.02  |__fastlio_mapping
16时34分02秒  1000         -     35098    0.00    0.00    0.00    0.00    0.00    12      0.00      0.00 1071720  155296   2.02  |__fastlio_mapping
16时34分02秒  1000         -     35099    0.00    1.00    0.00    0.00    1.00    15      0.00      0.00 1071720  155296   2.02  |__fastlio_mapping
16时34分02秒  1000         -     35100    0.00    0.00    0.00    0.00    0.00    12      0.00      0.00 1071720  155296   2.02  |__fastlio_mapping
16时34分02秒  1000         -     35101    0.00    0.00    0.00    0.00    0.00    14      0.00      0.00 1071720  155296   2.02  |__fastlio_mapping
16时34分02秒  1000         -     35102    0.00    0.00    0.00    0.00    0.00     8      0.00      0.00 1071720  155296   2.02  |__fastlio_mapping
16时34分02秒  1000         -     35103    0.00    0.00    0.00    0.00    0.00     0      0.00      0.00 1071720  155296   2.02  |__fastlio_mapping
16时34分02秒  1000         -     35104    0.00    0.00    0.00    0.00    0.00     3      0.00      0.00 1071720  155296   2.02  |__fastlio_mapping

# Time        UID      TGID       TID    %usr %system  %guest   %wait    %CPU   CPU  minflt/s  majflt/s     VSZ     RSS   %MEM  Command
16时34分03秒  1000     35088         -    4.00    2.00    0.00    0.00    6.00    10    848.00      0.00 1074384  156700   2.04  fastlio_mapping
16时34分03秒  1000         -     35088    2.00    0.00    0.00    0.00    2.00    10    845.00      0.00 1074384  156700   2.04  |__fastlio_mapping
16时34分03秒  1000         -     35090    1.00    1.00    0.00    1.00    2.00     8      0.00      0.00 1074384  156700   2.04  |__fastlio_mapping
16时34分03秒  1000         -     35091    0.00    0.00    0.00    0.00    0.00    12      0.00      0.00 1074384  156700   2.04  |__fastlio_mapping
16时34分03秒  1000         -     35092    0.00    0.00    0.00    0.00    0.00    12      0.00      0.00 1074384  156700   2.04  |__fastlio_mapping
16时34分03秒  1000         -     35093    0.00    0.00    0.00    0.00    0.00    15      0.00      0.00 1074384  156700   2.04  |__fastlio_mapping
16时34分03秒  1000         -     35094    0.00    1.00    0.00    0.00    1.00     1      0.00      0.00 1074384  156700   2.04  |__fastlio_mapping
16时34分03秒  1000         -     35095    0.00    0.00    0.00    0.00    0.00    12      0.00      0.00 1074384  156700   2.04  |__fastlio_mapping
16时34分03秒  1000         -     35096    0.00    0.00    0.00    0.00    0.00    11      0.00      0.00 1074384  156700   2.04  |__fastlio_mapping
16时34分03秒  1000         -     35097    0.00    0.00    0.00    0.00    0.00     2      2.00      0.00 1074384  156700   2.04  |__fastlio_mapping
16时34分03秒  1000         -     35098    0.00    0.00    0.00    0.00    0.00    12      0.00      0.00 1074384  156700   2.04  |__fastlio_mapping
16时34分03秒  1000         -     35099    0.00    0.00    0.00    0.00    0.00     2      1.00      0.00 1074384  156700   2.04  |__fastlio_mapping
16时34分03秒  1000         -     35100    0.00    0.00    0.00    0.00    0.00     9      0.00      0.00 1074384  156700   2.04  |__fastlio_mapping
16时34分03秒  1000         -     35101    0.00    0.00    0.00    0.00    0.00    15      0.00      0.00 1074384  156700   2.04  |__fastlio_mapping
16时34分03秒  1000         -     35102    0.00    0.00    0.00    0.00    0.00     9      0.00      0.00 1074384  156700   2.04  |__fastlio_mapping
16时34分03秒  1000         -     35103    0.00    0.00    0.00    0.00    0.00     0      0.00      0.00 1074384  156700   2.04  |__fastlio_mapping
16时34分03秒  1000         -     35104    0.00    0.00    0.00    0.00    0.00     3      0.00      0.00 1074384  156700   2.04  |__fastlio_mapping

# Time        UID      TGID       TID    %usr %system  %guest   %wait    %CPU   CPU  minflt/s  majflt/s     VSZ     RSS   %MEM  Command
16时34分04秒  1000     35088         -    5.00    1.00    0.00    1.00    6.00     9    678.00      0.00 1075876  158396   2.07  fastlio_mapping
16时34分04秒  1000         -     35088    3.00    1.00    0.00    1.00    4.00     9    675.00      0.00 1075876  158396   2.07  |__fastlio_mapping
16时34分04秒  1000         -     35090    1.00    2.00    0.00    1.00    3.00     1      0.00      0.00 1075876  158396   2.07  |__fastlio_mapping
16时34分04秒  1000         -     35091    0.00    0.00    0.00    0.00    0.00    12      0.00      0.00 1075876  158396   2.07  |__fastlio_mapping
16时34分04秒  1000         -     35092    0.00    0.00    0.00    0.00    0.00    12      0.00      0.00 1075876  158396   2.07  |__fastlio_mapping
16时34分04秒  1000         -     35093    0.00    0.00    0.00    0.00    0.00    15      0.00      0.00 1075876  158396   2.07  |__fastlio_mapping
16时34分04秒  1000         -     35094    0.00    0.00    0.00    0.00    0.00    11      0.00      0.00 1075876  158396   2.07  |__fastlio_mapping
16时34分04秒  1000         -     35095    0.00    0.00    0.00    0.00    0.00    12      0.00      0.00 1075876  158396   2.07  |__fastlio_mapping
16时34分04秒  1000         -     35096    0.00    0.00    0.00    0.00    0.00     2      0.00      0.00 1075876  158396   2.07  |__fastlio_mapping
16时34分04秒  1000         -     35097    0.00    0.00    0.00    0.00    0.00     9      2.00      0.00 1075876  158396   2.07  |__fastlio_mapping
16时34分04秒  1000         -     35098    0.00    0.00    0.00    0.00    0.00    12      0.00      0.00 1075876  158396   2.07  |__fastlio_mapping
16时34分04秒  1000         -     35099    1.00    0.00    0.00    0.00    1.00     9      1.00      0.00 1075876  158396   2.07  |__fastlio_mapping
16时34分04秒  1000         -     35100    0.00    0.00    0.00    0.00    0.00    11      0.00      0.00 1075876  158396   2.07  |__fastlio_mapping
16时34分04秒  1000         -     35101    0.00    0.00    0.00    0.00    0.00     2      0.00      0.00 1075876  158396   2.07  |__fastlio_mapping
16时34分04秒  1000         -     35102    0.00    0.00    0.00    0.00    0.00     8      0.00      0.00 1075876  158396   2.07  |__fastlio_mapping
16时34分04秒  1000         -     35103    0.00    0.00    0.00    0.00    0.00     0      0.00      0.00 1075876  158396   2.07  |__fastlio_mapping
16时34分04秒  1000         -     35104    0.00    0.00    0.00    0.00    0.00     3      0.00      0.00 1075876  158396   2.07  |__fastlio_mapping

# Time        UID      TGID       TID    %usr %system  %guest   %wait    %CPU   CPU  minflt/s  majflt/s     VSZ     RSS   %MEM  Command
16时34分05秒  1000     35088         -    5.00    2.00    0.00    0.00    7.00    11    719.00      0.00 1076776  160188   2.09  fastlio_mapping
16时34分05秒  1000         -     35088    2.00    0.00    0.00    0.00    2.00    11    719.00      0.00 1076776  160188   2.09  |__fastlio_mapping
16时34分05秒  1000         -     35090    1.00    1.00    0.00    1.00    2.00     2      0.00      0.00 1076776  160188   2.09  |__fastlio_mapping
16时34分05秒  1000         -     35091    0.00    0.00    0.00    0.00    0.00    12      0.00      0.00 1076776  160188   2.09  |__fastlio_mapping
16时34分05秒  1000         -     35092    0.00    0.00    0.00    0.00    0.00    12      0.00      0.00 1076776  160188   2.09  |__fastlio_mapping
16时34分05秒  1000         -     35093    0.00    0.00    0.00    0.00    0.00    15      0.00      0.00 1076776  160188   2.09  |__fastlio_mapping
16时34分05秒  1000         -     35094    0.00    0.00    0.00    0.00    0.00    12      0.00      0.00 1076776  160188   2.09  |__fastlio_mapping
16时34分05秒  1000         -     35095    0.00    0.00    0.00    0.00    0.00    12      0.00      0.00 1076776  160188   2.09  |__fastlio_mapping
16时34分05秒  1000         -     35096    0.00    0.00    0.00    0.00    0.00     0      0.00      0.00 1076776  160188   2.09  |__fastlio_mapping
16时34分05秒  1000         -     35097    0.00    0.00    0.00    0.00    0.00     9      0.00      0.00 1076776  160188   2.09  |__fastlio_mapping
16时34分05秒  1000         -     35098    0.00    0.00    0.00    0.00    0.00    12      0.00      0.00 1076776  160188   2.09  |__fastlio_mapping
16时34分05秒  1000         -     35099    0.00    0.00    0.00    0.00    0.00     8      0.00      0.00 1076776  160188   2.09  |__fastlio_mapping
16时34分05秒  1000         -     35100    0.00    0.00    0.00    0.00    0.00    11      0.00      0.00 1076776  160188   2.09  |__fastlio_mapping
16时34分05秒  1000         -     35101    0.00    0.00    0.00    0.00    0.00     2      0.00      0.00 1076776  160188   2.09  |__fastlio_mapping
16时34分05秒  1000         -     35102    1.00    0.00    0.00    0.00    1.00     4      0.00      0.00 1076776  160188   2.09  |__fastlio_mapping
16时34分05秒  1000         -     35103    0.00    0.00    0.00    0.00    0.00     0      0.00      0.00 1076776  160188   2.09  |__fastlio_mapping
16时34分05秒  1000         -     35104    0.00    0.00    0.00    0.00    0.00     3      0.00      0.00 1076776  160188   2.09  |__fastlio_mapping

# Time        UID      TGID       TID    %usr %system  %guest   %wait    %CPU   CPU  minflt/s  majflt/s     VSZ     RSS   %MEM  Command
16时34分06秒  1000     35088         -    5.00    1.00    0.00    0.00    6.00     6    723.00      0.00 1077612  161460   2.11  fastlio_mapping
16时34分06秒  1000         -     35088    3.00    0.00    0.00    0.00    3.00     6    723.00      0.00 1077612  161460   2.11  |__fastlio_mapping
16时34分06秒  1000         -     35090    2.00    1.00    0.00    0.00    3.00     0      0.00      0.00 1077612  161460   2.11  |__fastlio_mapping
16时34分06秒  1000         -     35091    0.00    0.00    0.00    0.00    0.00    12      0.00      0.00 1077612  161460   2.11  |__fastlio_mapping
16时34分06秒  1000         -     35092    0.00    0.00    0.00    0.00    0.00    12      0.00      0.00 1077612  161460   2.11  |__fastlio_mapping
16时34分06秒  1000         -     35093    0.00    0.00    0.00    0.00    0.00    15      0.00      0.00 1077612  161460   2.11  |__fastlio_mapping
16时34分06秒  1000         -     35094    0.00    0.00    0.00    0.00    0.00    10      0.00      0.00 1077612  161460   2.11  |__fastlio_mapping
16时34分06秒  1000         -     35095    0.00    0.00    0.00    0.00    0.00    12      0.00      0.00 1077612  161460   2.11  |__fastlio_mapping
16时34分06秒  1000         -     35096    0.00    0.00    0.00    0.00    0.00     0      0.00      0.00 1077612  161460   2.11  |__fastlio_mapping
16时34分06秒  1000         -     35097    0.00    0.00    0.00    0.00    0.00    15      0.00      0.00 1077612  161460   2.11  |__fastlio_mapping
16时34分06秒  1000         -     35098    0.00    0.00    0.00    0.00    0.00    12      0.00      0.00 1077612  161460   2.11  |__fastlio_mapping
16时34分06秒  1000         -     35099    0.00    0.00    0.00    0.00    0.00    15      0.00      0.00 1077612  161460   2.11  |__fastlio_mapping
16时34分06秒  1000         -     35100    0.00    0.00    0.00    0.00    0.00    11      0.00      0.00 1077612  161460   2.11  |__fastlio_mapping
16时34分06秒  1000         -     35101    0.00    0.00    0.00    0.00    0.00     2      0.00      0.00 1077612  161460   2.11  |__fastlio_mapping
16时34分06秒  1000         -     35102    0.00    0.00    0.00    0.00    0.00    13      0.00      0.00 1077612  161460   2.11  |__fastlio_mapping
16时34分06秒  1000         -     35103    0.00    0.00    0.00    0.00    0.00     0      0.00      0.00 1077612  161460   2.11  |__fastlio_mapping
16时34分06秒  1000         -     35104    0.00    0.00    0.00    0.00    0.00     3      0.00      0.00 1077612  161460   2.11  |__fastlio_mapping

# Time        UID      TGID       TID    %usr %system  %guest   %wait    %CPU   CPU  minflt/s  majflt/s     VSZ     RSS   %MEM  Command
16时34分07秒  1000     35088         -    4.00    2.00    0.00    0.00    6.00    10    862.00      0.00 1079404  163260   2.13  fastlio_mapping
16时34分07秒  1000         -     35088    2.00    1.00    0.00    0.00    3.00    10    859.00      0.00 1079404  163260   2.13  |__fastlio_mapping
16时34分07秒  1000         -     35090    1.00    1.00    0.00    0.00    2.00    13      0.00      0.00 1079404  163260   2.13  |__fastlio_mapping
16时34分07秒  1000         -     35091    0.00    0.00    0.00    0.00    0.00    12      0.00      0.00 1079404  163260   2.13  |__fastlio_mapping
16时34分07秒  1000         -     35092    0.00    0.00    0.00    0.00    0.00    12      0.00      0.00 1079404  163260   2.13  |__fastlio_mapping
16时34分07秒  1000         -     35093    0.00    0.00    0.00    0.00    0.00    15      0.00      0.00 1079404  163260   2.13  |__fastlio_mapping
16时34分07秒  1000         -     35094    0.00    0.00    0.00    0.00    0.00    15      0.00      0.00 1079404  163260   2.13  |__fastlio_mapping
16时34分07秒  1000         -     35095    0.00    0.00    0.00    0.00    0.00    12      0.00      0.00 1079404  163260   2.13  |__fastlio_mapping
16时34分07秒  1000         -     35096    0.00    0.00    0.00    0.00    0.00    12      0.00      0.00 1079404  163260   2.13  |__fastlio_mapping
16时34分07秒  1000         -     35097    0.00    0.00    0.00    0.00    0.00     4      2.00      0.00 1079404  163260   2.13  |__fastlio_mapping
16时34分07秒  1000         -     35098    0.00    0.00    0.00    0.00    0.00    12      0.00      0.00 1079404  163260   2.13  |__fastlio_mapping
16时34分07秒  1000         -     35099    1.00    0.00    0.00    0.00    1.00     9      1.00      0.00 1079404  163260   2.13  |__fastlio_mapping
16时34分07秒  1000         -     35100    0.00    0.00    0.00    0.00    0.00     9      0.00      0.00 1079404  163260   2.13  |__fastlio_mapping
16时34分07秒  1000         -     35101    0.00    0.00    0.00    0.00    0.00    12      0.00      0.00 1079404  163260   2.13  |__fastlio_mapping
16时34分07秒  1000         -     35102    0.00    0.00    0.00    0.00    0.00    14      0.00      0.00 1079404  163260   2.13  |__fastlio_mapping
16时34分07秒  1000         -     35103    0.00    0.00    0.00    0.00    0.00     0      0.00      0.00 1079404  163260   2.13  |__fastlio_mapping
16时34分07秒  1000         -     35104    0.00    0.00    0.00    0.00    0.00     3      0.00      0.00 1079404  163260   2.13  |__fastlio_mapping

# Time        UID      TGID       TID    %usr %system  %guest   %wait    %CPU   CPU  minflt/s  majflt/s     VSZ     RSS   %MEM  Command
16时34分08秒  1000     35088         -    5.00    1.00    0.00    0.00    6.00     0    856.00      0.00 1081060  165120   2.15  fastlio_mapping
16时34分08秒  1000         -     35088    3.00    0.00    0.00    0.00    3.00     0    856.00      0.00 1081060  165120   2.15  |__fastlio_mapping
16时34分08秒  1000         -     35090    1.00    1.00    0.00    0.00    2.00    11      0.00      0.00 1081060  165120   2.15  |__fastlio_mapping
16时34分08秒  1000         -     35091    0.00    0.00    0.00    0.00    0.00    12      0.00      0.00 1081060  165120   2.15  |__fastlio_mapping
16时34分08秒  1000         -     35092    0.00    0.00    0.00    0.00    0.00    12      0.00      0.00 1081060  165120   2.15  |__fastlio_mapping
16时34分08秒  1000         -     35093    0.00    0.00    0.00    0.00    0.00    15      0.00      0.00 1081060  165120   2.15  |__fastlio_mapping
16时34分08秒  1000         -     35094    0.00    0.00    0.00    0.00    0.00     8      0.00      0.00 1081060  165120   2.15  |__fastlio_mapping
16时34分08秒  1000         -     35095    0.00    0.00    0.00    0.00    0.00    12      0.00      0.00 1081060  165120   2.15  |__fastlio_mapping
16时34分08秒  1000         -     35096    0.00    0.00    0.00    0.00    0.00    11      0.00      0.00 1081060  165120   2.15  |__fastlio_mapping
16时34分08秒  1000         -     35097    0.00    0.00    0.00    0.00    0.00    10      0.00      0.00 1081060  165120   2.15  |__fastlio_mapping
16时34分08秒  1000         -     35098    0.00    0.00    0.00    0.00    0.00    12      0.00      0.00 1081060  165120   2.15  |__fastlio_mapping
16时34分08秒  1000         -     35099    0.00    0.00    0.00    0.00    0.00    13      0.00      0.00 1081060  165120   2.15  |__fastlio_mapping
16时34分08秒  1000         -     35100    0.00    0.00    0.00    0.00    0.00     9      0.00      0.00 1081060  165120   2.15  |__fastlio_mapping
16时34分08秒  1000         -     35101    0.00    0.00    0.00    0.00    0.00    12      0.00      0.00 1081060  165120   2.15  |__fastlio_mapping
16时34分08秒  1000         -     35102    0.00    1.00    0.00    0.00    1.00     4      0.00      0.00 1081060  165120   2.15  |__fastlio_mapping
16时34分08秒  1000         -     35103    0.00    0.00    0.00    0.00    0.00     0      0.00      0.00 1081060  165120   2.15  |__fastlio_mapping
16时34分08秒  1000         -     35104    0.00    0.00    0.00    0.00    0.00     3      0.00      0.00 1081060  165120   2.15  |__fastlio_mapping

# Time        UID      TGID       TID    %usr %system  %guest   %wait    %CPU   CPU  minflt/s  majflt/s     VSZ     RSS   %MEM  Command
16时34分09秒  1000     35088         -    4.00    1.00    0.00    0.00    5.00     2   1297.00      0.00 1083704  166884   2.18  fastlio_mapping
16时34分09秒  1000         -     35088    2.00    0.00    0.00    0.00    2.00     2   1297.00      0.00 1083704  166884   2.18  |__fastlio_mapping
16时34分09秒  1000         -     35090    1.00    1.00    0.00    0.00    2.00    13      0.00      0.00 1083704  166884   2.18  |__fastlio_mapping
16时34分09秒  1000         -     35091    0.00    0.00    0.00    0.00    0.00    12      0.00      0.00 1083704  166884   2.18  |__fastlio_mapping
16时34分09秒  1000         -     35092    0.00    0.00    0.00    0.00    0.00    12      0.00      0.00 1083704  166884   2.18  |__fastlio_mapping
16时34分09秒  1000         -     35093    0.00    0.00    0.00    0.00    0.00    15      0.00      0.00 1083704  166884   2.18  |__fastlio_mapping
16时34分09秒  1000         -     35094    0.00    0.00    0.00    0.00    0.00     4      0.00      0.00 1083704  166884   2.18  |__fastlio_mapping
16时34分09秒  1000         -     35095    0.00    0.00    0.00    0.00    0.00    12      0.00      0.00 1083704  166884   2.18  |__fastlio_mapping
16时34分09秒  1000         -     35096    0.00    0.00    0.00    0.00    0.00    10      0.00      0.00 1083704  166884   2.18  |__fastlio_mapping
16时34分09秒  1000         -     35097    0.00    0.00    0.00    0.00    0.00     2      0.00      0.00 1083704  166884   2.18  |__fastlio_mapping
16时34分09秒  1000         -     35098    0.00    0.00    0.00    0.00    0.00    12      0.00      0.00 1083704  166884   2.18  |__fastlio_mapping
16时34分09秒  1000         -     35099    0.00    0.00    0.00    0.00    0.00    14      0.00      0.00 1083704  166884   2.18  |__fastlio_mapping
16时34分09秒  1000         -     35100    0.00    0.00    0.00    0.00    0.00     9      0.00      0.00 1083704  166884   2.18  |__fastlio_mapping
16时34分09秒  1000         -     35101    0.00    0.00    0.00    0.00    0.00    12      0.00      0.00 1083704  166884   2.18  |__fastlio_mapping
16时34分09秒  1000         -     35102    0.00    0.00    0.00    0.00    0.00     8      0.00      0.00 1083704  166884   2.18  |__fastlio_mapping
16时34分09秒  1000         -     35103    0.00    0.00    0.00    0.00    0.00     0      0.00      0.00 1083704  166884   2.18  |__fastlio_mapping
16时34分09秒  1000         -     35104    0.00    0.00    0.00    0.00    0.00     3      0.00      0.00 1083704  166884   2.18  |__fastlio_mapping

# Time        UID      TGID       TID    %usr %system  %guest   %wait    %CPU   CPU  minflt/s  majflt/s     VSZ     RSS   %MEM  Command
16时34分10秒  1000     35088         -    3.00    3.00    0.00    0.00    6.00    13    930.00      0.00 1085384  168436   2.20  fastlio_mapping
16时34分10秒  1000         -     35088    3.00    0.00    0.00    0.00    3.00    13    925.00      0.00 1085384  168436   2.20  |__fastlio_mapping
16时34分10秒  1000         -     35090    0.00    2.00    0.00    1.00    2.00     3      0.00      0.00 1085384  168436   2.20  |__fastlio_mapping
16时34分10秒  1000         -     35091    0.00    0.00    0.00    0.00    0.00    12      0.00      0.00 1085384  168436   2.20  |__fastlio_mapping
16时34分10秒  1000         -     35092    0.00    0.00    0.00    0.00    0.00    12      0.00      0.00 1085384  168436   2.20  |__fastlio_mapping
16时34分10秒  1000         -     35093    0.00    0.00    0.00    0.00    0.00    12      0.00      0.00 1085384  168436   2.20  |__fastlio_mapping
16时34分10秒  1000         -     35094    0.00    0.00    0.00    0.00    0.00     1      0.00      0.00 1085384  168436   2.20  |__fastlio_mapping
16时34分10秒  1000         -     35095    0.00    0.00    0.00    0.00    0.00    12      0.00      0.00 1085384  168436   2.20  |__fastlio_mapping
16时34分10秒  1000         -     35096    0.00    0.00    0.00    0.00    0.00    11      0.00      0.00 1085384  168436   2.20  |__fastlio_mapping
16时34分10秒  1000         -     35097    1.00    0.00    0.00    0.00    1.00     6      2.00      0.00 1085384  168436   2.20  |__fastlio_mapping
16时34分10秒  1000         -     35098    0.00    0.00    0.00    0.00    0.00    12      0.00      0.00 1085384  168436   2.20  |__fastlio_mapping
16时34分10秒  1000         -     35099    0.00    0.00    0.00    0.00    0.00     8      3.00      0.00 1085384  168436   2.20  |__fastlio_mapping
16时34分10秒  1000         -     35100    0.00    0.00    0.00    0.00    0.00    11      0.00      0.00 1085384  168436   2.20  |__fastlio_mapping
16时34分10秒  1000         -     35101    0.00    0.00    0.00    0.00    0.00     4      0.00      0.00 1085384  168436   2.20  |__fastlio_mapping
16时34分10秒  1000         -     35102    0.00    0.00    0.00    0.00    0.00     0      0.00      0.00 1085384  168436   2.20  |__fastlio_mapping
16时34分10秒  1000         -     35103    0.00    0.00    0.00    0.00    0.00     0      0.00      0.00 1085384  168436   2.20  |__fastlio_mapping
16时34分10秒  1000         -     35104    0.00    0.00    0.00    0.00    0.00     3      0.00      0.00 1085384  168436   2.20  |__fastlio_mapping

# Time        UID      TGID       TID    %usr %system  %guest   %wait    %CPU   CPU  minflt/s  majflt/s     VSZ     RSS   %MEM  Command
16时34分11秒  1000     35088         -    4.00    1.00    0.00    0.00    5.00     8    952.00      0.00 1087056  170092   2.22  fastlio_mapping
16时34分11秒  1000         -     35088    2.00    1.00    0.00    0.00    3.00     8    952.00      0.00 1087056  170092   2.22  |__fastlio_mapping
16时34分11秒  1000         -     35090    1.00    1.00    0.00    0.00    2.00     2      0.00      0.00 1087056  170092   2.22  |__fastlio_mapping
16时34分11秒  1000         -     35091    0.00    0.00    0.00    0.00    0.00    12      0.00      0.00 1087056  170092   2.22  |__fastlio_mapping
16时34分11秒  1000         -     35092    0.00    0.00    0.00    0.00    0.00    12      0.00      0.00 1087056  170092   2.22  |__fastlio_mapping
16时34分11秒  1000         -     35093    0.00    0.00    0.00    0.00    0.00    12      0.00      0.00 1087056  170092   2.22  |__fastlio_mapping
16时34分11秒  1000         -     35094    1.00    0.00    0.00    0.00    1.00     1      0.00      0.00 1087056  170092   2.22  |__fastlio_mapping
16时34分11秒  1000         -     35095    0.00    0.00    0.00    0.00    0.00    12      0.00      0.00 1087056  170092   2.22  |__fastlio_mapping
16时34分11秒  1000         -     35096    0.00    0.00    0.00    0.00    0.00     8      0.00      0.00 1087056  170092   2.22  |__fastlio_mapping
16时34分11秒  1000         -     35097    0.00    0.00    0.00    0.00    0.00     2      0.00      0.00 1087056  170092   2.22  |__fastlio_mapping
16时34分11秒  1000         -     35098    0.00    0.00    0.00    0.00    0.00    12      0.00      0.00 1087056  170092   2.22  |__fastlio_mapping
16时34分11秒  1000         -     35099    0.00    0.00    0.00    0.00    0.00     8      0.00      0.00 1087056  170092   2.22  |__fastlio_mapping
16时34分11秒  1000         -     35100    0.00    0.00    0.00    0.00    0.00    11      0.00      0.00 1087056  170092   2.22  |__fastlio_mapping
16时34分11秒  1000         -     35101    0.00    0.00    0.00    0.00    0.00     4      0.00      0.00 1087056  170092   2.22  |__fastlio_mapping
16时34分11秒  1000         -     35102    0.00    0.00    0.00    0.00    0.00    14      0.00      0.00 1087056  170092   2.22  |__fastlio_mapping
16时34分11秒  1000         -     35103    0.00    0.00    0.00    0.00    0.00     0      0.00      0.00 1087056  170092   2.22  |__fastlio_mapping
16时34分11秒  1000         -     35104    0.00    0.00    0.00    0.00    0.00     3      0.00      0.00 1087056  170092   2.22  |__fastlio_mapping

# Time        UID      TGID       TID    %usr %system  %guest   %wait    %CPU   CPU  minflt/s  majflt/s     VSZ     RSS   %MEM  Command
16时34分12秒  1000     35088         -    4.00    2.00    0.00    0.00    6.00    10    985.00      0.00 1088732  171836   2.24  fastlio_mapping
16时34分12秒  1000         -     35088    3.00    0.00    0.00    0.00    3.00    10    985.00      0.00 1088732  171836   2.24  |__fastlio_mapping
16时34分12秒  1000         -     35090    1.00    1.00    0.00    0.00    2.00    14      0.00      0.00 1088732  171836   2.24  |__fastlio_mapping
16时34分12秒  1000         -     35091    0.00    0.00    0.00    0.00    0.00    12      0.00      0.00 1088732  171836   2.24  |__fastlio_mapping
16时34分12秒  1000         -     35092    0.00    0.00    0.00    0.00    0.00    12      0.00      0.00 1088732  171836   2.24  |__fastlio_mapping
16时34分12秒  1000         -     35093    0.00    0.00    0.00    0.00    0.00    12      0.00      0.00 1088732  171836   2.24  |__fastlio_mapping
16时34分12秒  1000         -     35094    0.00    0.00    0.00    0.00    0.00     1      0.00      0.00 1088732  171836   2.24  |__fastlio_mapping
16时34分12秒  1000         -     35095    0.00    0.00    0.00    0.00    0.00    12      0.00      0.00 1088732  171836   2.24  |__fastlio_mapping
16时34分12秒  1000         -     35096    0.00    0.00    0.00    0.00    0.00    12      0.00      0.00 1088732  171836   2.24  |__fastlio_mapping
16时34分12秒  1000         -     35097    0.00    0.00    0.00    0.00    0.00     8      0.00      0.00 1088732  171836   2.24  |__fastlio_mapping
16时34分12秒  1000         -     35098    0.00    0.00    0.00    0.00    0.00    12      0.00      0.00 1088732  171836   2.24  |__fastlio_mapping
16时34分12秒  1000         -     35099    0.00    0.00    0.00    0.00    0.00     8      0.00      0.00 1088732  171836   2.24  |__fastlio_mapping
16时34分12秒  1000         -     35100    0.00    0.00    0.00    0.00    0.00    11      0.00      0.00 1088732  171836   2.24  |__fastlio_mapping
16时34分12秒  1000         -     35101    0.00    0.00    0.00    0.00    0.00     4      0.00      0.00 1088732  171836   2.24  |__fastlio_mapping
16时34分12秒  1000         -     35102    1.00    0.00    0.00    0.00    1.00     8      0.00      0.00 1088732  171836   2.24  |__fastlio_mapping
16时34分12秒  1000         -     35103    0.00    0.00    0.00    0.00    0.00     0      0.00      0.00 1088732  171836   2.24  |__fastlio_mapping
16时34分12秒  1000         -     35104    0.00    0.00    0.00    0.00    0.00     3      0.00      0.00 1088732  171836   2.24  |__fastlio_mapping

# Time        UID      TGID       TID    %usr %system  %guest   %wait    %CPU   CPU  minflt/s  majflt/s     VSZ     RSS   %MEM  Command
16时34分13秒  1000     35088         -    3.00    3.00    0.00    0.00    6.00     0   1016.00      0.00 1089864  173804   2.27  fastlio_mapping
16时34分13秒  1000         -     35088    2.00    0.00    0.00    0.00    2.00     0   1016.00      0.00 1089864  173804   2.27  |__fastlio_mapping
16时34分13秒  1000         -     35090    1.00    2.00    0.00    0.00    3.00     2      0.00      0.00 1089864  173804   2.27  |__fastlio_mapping
16时34分13秒  1000         -     35091    0.00    0.00    0.00    0.00    0.00    12      0.00      0.00 1089864  173804   2.27  |__fastlio_mapping
16时34分13秒  1000         -     35092    0.00    0.00    0.00    0.00    0.00    12      0.00      0.00 1089864  173804   2.27  |__fastlio_mapping
16时34分13秒  1000         -     35093    0.00    0.00    0.00    0.00    0.00     6      0.00      0.00 1089864  173804   2.27  |__fastlio_mapping
16时34分13秒  1000         -     35094    0.00    0.00    0.00    0.00    0.00     1      0.00      0.00 1089864  173804   2.27  |__fastlio_mapping
16时34分13秒  1000         -     35095    0.00    0.00    0.00    0.00    0.00    12      0.00      0.00 1089864  173804   2.27  |__fastlio_mapping
16时34分13秒  1000         -     35096    0.00    0.00    0.00    0.00    0.00     8      0.00      0.00 1089864  173804   2.27  |__fastlio_mapping
16时34分13秒  1000         -     35097    0.00    0.00    0.00    0.00    0.00     8      0.00      0.00 1089864  173804   2.27  |__fastlio_mapping
16时34分13秒  1000         -     35098    0.00    0.00    0.00    0.00    0.00    12      0.00      0.00 1089864  173804   2.27  |__fastlio_mapping
16时34分13秒  1000         -     35099    1.00    0.00    0.00    0.00    1.00     8      0.00      0.00 1089864  173804   2.27  |__fastlio_mapping
16时34分13秒  1000         -     35100    0.00    0.00    0.00    0.00    0.00    11      0.00      0.00 1089864  173804   2.27  |__fastlio_mapping
16时34分13秒  1000         -     35101    0.00    0.00    0.00    0.00    0.00     4      0.00      0.00 1089864  173804   2.27  |__fastlio_mapping
16时34分13秒  1000         -     35102    0.00    0.00    0.00    0.00    0.00     8      0.00      0.00 1089864  173804   2.27  |__fastlio_mapping
16时34分13秒  1000         -     35103    0.00    0.00    0.00    0.00    0.00     0      0.00      0.00 1089864  173804   2.27  |__fastlio_mapping
16时34分13秒  1000         -     35104    0.00    0.00    0.00    0.00    0.00     3      0.00      0.00 1089864  173804   2.27  |__fastlio_mapping

# Time        UID      TGID       TID    %usr %system  %guest   %wait    %CPU   CPU  minflt/s  majflt/s     VSZ     RSS   %MEM  Command
16时34分14秒  1000     35088         -    4.00    2.00    0.00    0.00    6.00     4   1047.00      0.00 1091532  175552   2.29  fastlio_mapping
16时34分14秒  1000         -     35088    2.00    1.00    0.00    0.00    3.00     4   1047.00      0.00 1091532  175552   2.29  |__fastlio_mapping
16时34分14秒  1000         -     35090    1.00    2.00    0.00    0.00    3.00     6      0.00      0.00 1091532  175552   2.29  |__fastlio_mapping
16时34分14秒  1000         -     35091    0.00    0.00    0.00    0.00    0.00    12      0.00      0.00 1091532  175552   2.29  |__fastlio_mapping
16时34分14秒  1000         -     35092    0.00    0.00    0.00    0.00    0.00    12      0.00      0.00 1091532  175552   2.29  |__fastlio_mapping
16时34分14秒  1000         -     35093    0.00    0.00    0.00    0.00    0.00     6      0.00      0.00 1091532  175552   2.29  |__fastlio_mapping
16时34分14秒  1000         -     35094    0.00    0.00    0.00    0.00    0.00     1      0.00      0.00 1091532  175552   2.29  |__fastlio_mapping
16时34分14秒  1000         -     35095    0.00    0.00    0.00    0.00    0.00    12      0.00      0.00 1091532  175552   2.29  |__fastlio_mapping
16时34分14秒  1000         -     35096    0.00    0.00    0.00    0.00    0.00     2      0.00      0.00 1091532  175552   2.29  |__fastlio_mapping
16时34分14秒  1000         -     35097    0.00    0.00    0.00    0.00    0.00     9      0.00      0.00 1091532  175552   2.29  |__fastlio_mapping
16时34分14秒  1000         -     35098    0.00    0.00    0.00    0.00    0.00    12      0.00      0.00 1091532  175552   2.29  |__fastlio_mapping
16时34分14秒  1000         -     35099    0.00    0.00    0.00    0.00    0.00     9      0.00      0.00 1091532  175552   2.29  |__fastlio_mapping
16时34分14秒  1000         -     35100    0.00    0.00    0.00    0.00    0.00    11      0.00      0.00 1091532  175552   2.29  |__fastlio_mapping
16时34分14秒  1000         -     35101    0.00    0.00    0.00    0.00    0.00     4      0.00      0.00 1091532  175552   2.29  |__fastlio_mapping
16时34分14秒  1000         -     35102    0.00    1.00    0.00    0.00    1.00    10      0.00      0.00 1091532  175552   2.29  |__fastlio_mapping
16时34分14秒  1000         -     35103    0.00    0.00    0.00    0.00    0.00     0      0.00      0.00 1091532  175552   2.29  |__fastlio_mapping
16时34分14秒  1000         -     35104    0.00    0.00    0.00    0.00    0.00     3      0.00      0.00 1091532  175552   2.29  |__fastlio_mapping

